image: Oschersleben.pgm
resolution: 0.050000
origin: [-28.800000, -19.350000, 0.0]
negate: 0
occupied_thresh: 0.65
free_thresh: 0.196
